<?xml version="1.0"?>
<opencv_storage>
<calibration_time>"Mo 14 Nov 2016 20:27:50 CET"</calibration_time>
<nr_of_frames>25</nr_of_frames>
<image_width>480</image_width>
<image_height>360</image_height>
<board_width>11</board_width>
<board_height>7</board_height>
<square_size>91.</square_size>
<fix_aspect_ratio>1.</fix_aspect_ratio>
<!-- flags:  +fix_aspect_ratio +fix_principal_point +zero_tangent_dist -->
<flags>14</flags>
<camera_matrix type_id="opencv-matrix">
  <rows>3</rows>
  <cols>3</cols>
  <dt>d</dt>
  <data>
    2.2461459747292517e+02 0. 240. 0. 2.2461459747292517e+02 180. 0. 0.
    1.</data></camera_matrix>
<distortion_coefficients type_id="opencv-matrix">
  <rows>5</rows>
  <cols>1</cols>
  <dt>d</dt>
  <data>
    -2.6993380200630718e-01 6.8788182938589237e-02 0. 0.
    -7.2220644458113794e-03</data></distortion_coefficients>
<avg_reprojection_error>1.2939765101802865e+00</avg_reprojection_error>
<per_view_reprojection_errors type_id="opencv-matrix">
  <rows>25</rows>
  <cols>1</cols>
  <dt>f</dt>
  <data>
    9.67424273e-01 1.09362471e+00 9.28242803e-01 1.70174015e+00
    1.06674504e+00 1.07388127e+00 9.17049706e-01 9.52746809e-01
    1.06921744e+00 1.49481964e+00 1.52186966e+00 1.13300705e+00
    1.37598312e+00 1.06530333e+00 1.34589267e+00 7.95892775e-01
    2.07213569e+00 2.40876555e+00 2.30473685e+00 1.14851689e+00
    7.00860679e-01 7.28429914e-01 7.60833085e-01 7.49918103e-01
    7.67848074e-01</data></per_view_reprojection_errors>
<extrinsic_parameters type_id="opencv-matrix">
  <rows>25</rows>
  <cols>6</cols>
  <dt>d</dt>
  <data>
    3.4215247167727342e-01 1.7341333251288954e-01 1.4221498790008200e-01
    -5.1051482267522971e+02 -1.6894118286321304e+02
    7.9066280901651646e+02 2.6699257854196834e-01 2.5213535328909087e-01
    1.3373053882875244e-01 -5.3090840089345579e+02
    -1.7590040385786713e+02 8.7192475964533332e+02
    3.9228824386040739e-01 1.3873114826392630e-01 4.8892193503614456e-02
    -6.5802065131897939e+02 -5.0058594791104173e+02
    6.2107916445241767e+02 3.2402295121393393e-01
    -2.0466407695193248e-01 -4.9231279654007386e-02
    -2.9478401930175482e+02 -2.2322411350310367e+02
    4.0387594085543083e+02 3.6081476525005363e-01
    -2.9162845613254895e-01 -7.5016237683203410e-02
    -3.6242995186961980e+02 -2.9913640469218393e+02
    2.7530051181252213e+02 3.0264582571730758e-01
    -7.6725250873455109e-02 -8.9098354598358742e-02
    -3.8837564564681395e+02 -2.0274225161491700e+02
    3.0368764596472045e+02 3.0736533709600444e-01 3.5869639728721890e-02
    -2.7632376167617500e-02 -4.5306591421565150e+02
    -2.0751361986514198e+02 3.2530770357913923e+02
    3.1785185184519127e-01 1.2738395941644876e-01 4.0374336339246272e-03
    -4.5228527541399882e+02 -2.2234862320643057e+02
    3.6550981897015134e+02 3.2135467290770892e-01 1.3073731553916662e-01
    3.3533402010400372e-02 -5.1948108818070807e+02
    -2.4089118332261330e+02 3.8210297548788651e+02
    3.1633528259890542e-01 2.0422326171173572e-01 8.6806891426442143e-02
    -5.2732634956832112e+02 -2.7697643564407133e+02
    4.2407374947478456e+02 2.8405145034282170e-01 2.1179804040220016e-01
    4.7168852627660289e-02 -5.5229451619538929e+02
    -2.2928515123096983e+02 4.4889773026012580e+02
    2.8570540032785213e-01 2.1467753696651554e-01 2.3068368668651137e-02
    -5.3110935573916834e+02 -2.5216018597427643e+02
    4.4938455155118123e+02 1.4669397023421571e-01 3.1386916635720669e-01
    1.2604611383107247e-03 -4.4207784843297793e+02
    -2.3171108161858382e+02 5.2851972107459972e+02
    1.5048260258438173e-01 1.5264168207866188e-01
    -2.5917369542344873e-02 -5.4893443289536503e+02
    -2.5967758560280396e+02 4.4749666638016066e+02
    1.7495594403174330e-01 1.3440712633156032e-01 2.5646348747231942e-02
    -4.0727297693823675e+02 -3.2984761568668262e+02
    3.9153281246398780e+02 1.2440465701866948e-01
    -1.3687268198712027e-01 -1.1413409302552188e-01
    -4.9829851308893063e+02 -2.2461890709647943e+02
    3.3239876940470566e+02 2.0997093143482767e-01
    -2.2723080339201099e-01 -1.4717612063546917e-01
    -3.2079814055758771e+02 -2.5788853179894295e+02
    2.7360595231291029e+02 1.6739152602751756e-01
    -2.4183516586836903e-01 -1.2755406658468244e-01
    -2.6405538767781229e+02 -2.4638322638503379e+02
    3.0693760929208764e+02 2.0710570573945253e-01
    -2.3027851380770567e-01 -1.4836847204081235e-01
    -2.8655150530658187e+02 -2.0866951822816097e+02
    2.8181096668553175e+02 2.4530365679923866e-01
    -1.7119071696307078e-01 -1.5062577033765248e-01
    -3.7901676891643456e+02 -1.5334804748300093e+02
    2.9459007259274040e+02 2.9825597283229816e-01
    -1.0766773614438858e-02 1.4119512464783624e-02
    -4.9657025523805595e+02 -2.3417829070657251e+02
    3.6927695075788563e+02 3.1636759533331743e-01 8.9006477540402196e-02
    4.0045196027077422e-02 -5.3032767151290420e+02
    -2.7034736731866388e+02 4.1052688459306268e+02
    2.1365322048943938e-01 6.5613058649358902e-02 2.8869727431188333e-02
    -4.9167394804534661e+02 -3.2370849729956080e+02
    3.7650020101160834e+02 1.5545157903238668e-01 3.1114790139923892e-02
    1.2386337402894932e-02 -4.5880932876984485e+02
    -2.8749255664265291e+02 3.7846272451948681e+02
    1.5961554693954016e-01 -4.8547773351766674e-02
    -3.2576905547196354e-02 -4.2583062387079099e+02
    -2.6872442802560704e+02 3.5298167550306977e+02</data></extrinsic_parameters>
